   287.79393   0.0054577  
   288.39614   0.0116884  
   288.97793   0.0030100  
   289.27900   0.0040500  
   289.70508   0.0014365  
   289.83441   0.0015082  
   289.97703   0.0002723  
   290.10883   0.0011014  
   290.22759   0.0225915  
   290.24461   0.0002563  
   290.33472   0.0009252  
   290.47396   0.0009120  
   290.54498   0.0005179  
   290.62271   0.0001339  
   290.69460   0.0006140  
   290.75905   0.0004994  
   290.86248   0.0006361  
   290.89095   0.0006508  
   290.97448   0.0184920  
   291.00715   0.0003641  
   291.12516   0.0009379  
   291.21070   0.0025595  
   285.43747   0.0456959  
   287.55235   0.0587612  
   288.98038   0.0043405  
   289.97918   0.0005841  
   290.07068   0.0006044  
   290.25186   0.0013037  
   290.63735   0.0002819  
   290.68242   0.0004762  
   290.77659   0.0006524  
   291.18816   0.0001150  
   291.31788   0.0019068  
   291.57802   0.0015490  
   291.69493   0.0022509  
   292.52208   0.0009193  
   292.57937   0.0027301  
