 287.79731   0.0055095  
 288.40238   0.0119038  
 289.03403   0.0035203  
 289.36756   0.0037051  
 290.00012   0.0006213  
 290.23044   0.0216240  
 290.38428   0.0084768  
 290.75603   0.0003669  
 290.83508   0.0054234  
 290.99306   0.0193253  
 291.23243   0.0023670  
 291.35174   0.0037670  
 291.65635   0.0000324  
 291.85560   0.0033410  
 292.58842   0.0044819  
 292.74763   0.0005639  
 292.93328   0.0091943  
 293.02327   0.0023166  
 293.30881   0.0026158  
 293.32350   0.0009540  
 293.65016   0.0053015  
 293.76957   0.0013888  
 285.43864   0.0456995  
 287.55290   0.0587688  
 289.21841   0.0066181  
 290.67746   0.0035637  
 291.83130   0.0027566  
 291.92855   0.0000972  
 293.23654   0.0029602  
 294.13731   0.0074189  
 294.18986   0.0001437  
 294.58768   0.0010613  
 295.53179   0.0089851  
 295.99441   0.0011235  
 296.60170   0.0029223  
 296.68421   0.0015169  
 297.51397   0.0001535  
