403.9949 0.01184
404.3129 0.011747
405.2819 0.006801
405.7739 0.004609
405.8507 0.001941
405.9787 0.000229
406.1079 0.001331
406.4973 0.00091
406.5724 0.00041
406.7022 0.001455
406.7219 7e-06
406.8177 0.001661
406.8543 0.000528
406.9553 0.000436
406.9570 0.002027
403.5501 0.018369
403.8546 0.013818
404.6234 0.002186
405.1422 0.011934
405.7220 0.001851
405.9649 0.001288
406.4768 0.000537
406.7290 0.000249
406.9008 0.000688
407.1059 0.000491
407.1554 0.001279
407.1807 0.000367
407.2760 0.000232
407.2918 0.000348
407.3623 0.000681
