287.7929 0.005486
288.3951 0.011788
288.9731 0.002979
289.2607 0.004044
289.6987 0.001612
289.8121 0.001232
289.9689 0.000341
290.1054 0.001218
290.2263 0.022744
290.2422 0.000234
290.3313 0.000934
290.4635 0.000922
290.5294 0.000326
290.6123 0.000168
290.6720 0.000608
290.7297 0.000338
290.7797 0.000368
290.8256 0.000522
290.8882 0.000258
290.9307 0.000236
290.9702 0.018527
290.9872 0.000195
291.0397 0.000532
291.1233 0.000377
291.1508 0.000262
291.1745 0.000267
291.2099 0.002839
291.2455 0.000877
291.3824 0.000825
291.3914 0.001091
285.4364 0.045779
287.5522 0.058878
288.9746 0.004347
289.9580 0.000485
290.0526 0.000709
290.2489 0.001318
290.5955 0.000159
290.6496 0.000395
290.7380 0.000629
290.9495 5.9e-05
291.0088 0.000897
291.0788 0.00052
291.4830 0.00032
