691.1824 0.010337
692.2496 0.017
692.7044 0.002066
693.1809 0.006953
694.3587 0.002492
694.7098 0.009919
695.1030 0.000659
695.7223 0.000187
696.2912 8.8e-05
696.4470 0.004232
697.0047 0.001975
697.6095 0.000117
698.4620 0.001598
700.1865 0.008691
700.5932 0.005037
701.8962 0.002268
702.6635 0.004005
704.7169 0.002785
705.4968 0.002207
707.5307 0.000105
691.2770 0.009114
693.4851 0.001042
695.5624 2.4e-05
697.5185 0.0126
706.4036 5.3e-05
709.2439 -0.0
713.2608 8e-06
714.4579 3e-06
715.1899 1e-06
715.2827 0.0
716.3417 -0.0
716.5150 0.0
716.8544 1.7e-05
