288.1845 0.00586
288.8097 0.012062
289.5175 0.004317
289.8772 0.00287
290.6343 0.018054
290.6425 0.003112
291.1322 0.0048
291.4782 0.021966
291.6612 0.001509
291.8277 0.008697
292.0659 0.01011
292.3377 0.002627
292.5504 0.001732
292.7324 0.000839
293.2305 0.000719
293.2455 0.005006
293.9586 0.011737
294.0813 0.007679
294.1296 0.003584
294.4601 0.006856
285.9074 0.045906
288.0353 0.058942
289.8490 0.008173
291.5232 0.005312
292.4748 0.003257
294.0997 0.00421
296.7014 0.000384
298.6713 8.7e-05
301.1657 0.045391
302.5486 0.016623
303.1124 0.000832
303.4686 0.013387
303.8830 0.030078
