287.7972 0.005513
288.4025 0.011971
289.0340 0.003527
289.3677 0.003746
290.0001 0.000623
290.2307 0.021716
290.3849 0.008552
290.7562 0.000364
290.8356 0.005482
290.9936 0.019567
291.2344 0.002389
291.3523 0.003792
291.6570 2.8e-05
291.8571 0.003428
292.5886 0.004521
292.7484 0.000584
292.9332 0.009245
293.0241 0.002322
293.3103 0.002666
293.3239 0.001056
285.4387 0.045694
287.5534 0.058766
289.2188 0.006636
290.6776 0.003558
291.8311 0.002761
291.9286 9.7e-05
293.2366 0.002964
294.1378 0.007461
294.1907 0.00014
294.5892 0.001079
295.5331 0.008962
295.9957 0.001142
296.6069 0.003733
