691.1391 0.008898
692.1656 0.018597
692.4890 0.002104
692.8215 0.004504
693.4857 0.000779
693.5385 0.000235
693.6045 6.4e-05
693.7088 0.00286
693.8401 0.000262
693.9542 0.000843
694.1928 0.000361
694.2113 0.000188
694.2394 3.6e-05
694.2855 0.000905
694.3464 8.8e-05
694.4027 0.000355
694.5241 0.000247
694.5673 0.000268
694.5896 7.6e-05
694.6156 0.000479
694.6768 2.3e-05
694.7272 0.000648
694.8168 0.000201
695.0861 0.000749
695.1068 0.00028
695.1512 0.000127
695.3155 0.000152
695.3927 0.002295
695.4573 7.3e-05
695.6120 0.00024
691.2659 0.00901
692.6991 0.000776
693.5972 0.000464
693.7503 4.9e-05
693.9052 0.000268
694.2365 0.000238
694.3093 6e-06
694.3766 0.000122
694.5914 0.000274
694.6599 1e-06
694.7242 0.000105
695.1660 0.000659
695.3197 5e-06
695.4577 0.000196
696.3560 0.001941
