288.1469 0.005373
288.7646 0.011003
289.3387 0.003033
289.6864 0.004329
290.0598 0.001557
290.1691 0.001142
290.3100 0.000268
290.4378 0.001198
290.5814 0.001276
290.6060 0.01916
290.6754 0.00105
290.8038 0.000916
290.8637 0.000293
290.9404 0.000131
290.9978 0.000582
291.0596 0.000326
291.1103 0.000423
291.1608 0.000552
291.2195 0.000221
291.2627 0.000193
291.3199 0.000271
291.3762 0.000555
291.4284 0.018645
291.4545 0.000368
291.5140 0.000691
291.5537 0.003087
291.5913 0.000833
291.7329 0.000993
291.8797 0.000546
291.9290 0.001052
285.9006 0.045823
288.0327 0.058889
289.3324 0.004109
290.3346 0.000683
290.4087 0.000336
290.5801 0.001279
290.9516 0.000274
290.9847 0.000196
291.0622 0.000584
291.3092 0.000164
291.3424 0.000673
291.4017 0.000325
291.9333 0.002694
