690.7652 0.009066
691.8238 0.018635
692.1560 0.001946
692.5017 0.004312
693.1693 0.000849
693.2210 0.000291
693.2839 7.3e-05
693.3974 0.002774
693.5324 0.000254
693.6502 0.000825
693.8847 0.000395
693.9026 0.000209
693.9308 4.4e-05
693.9801 0.000838
694.0438 8.5e-05
694.1018 0.000338
694.2204 0.000259
694.2536 0.000253
694.2807 0.000117
694.3064 0.000335
694.3699 2.4e-05
694.4224 0.000648
694.4949 0.000268
694.5269 3e-05
694.6324 0.000335
694.7835 0.000478
694.8077 0.000397
694.9279 0.000174
694.9807 0.001049
695.0419 0.001344
690.7729 0.008974
692.3663 0.00084
693.2674 0.000636
693.4365 3.2e-05
693.5964 0.000282
693.9211 0.000311
694.0027 1e-06
694.0738 0.000131
694.2783 0.000307
694.3494 6e-06
694.4176 9.4e-05
694.8192 0.000755
694.9520 7.8e-05
695.1220 0.00011
695.3328 0.000384
