  288.15193  0.0053983
  288.76866  0.0109308
  289.35218  0.0030822
  289.70660  0.0042504
  290.06610  0.0014353
  290.19047  0.0013068
  290.33135  0.0002424
  290.44464  0.0010347
  290.59011  0.0014263
  290.61145  0.0189804
  290.68051  0.0010277
  290.81575  0.0008509
  290.88719  0.0005084
  290.96214  0.0001086
  291.02287  0.0005389
  291.09445  0.0004816
  291.20685  0.0007597
  291.23364  0.0006226
  291.37740  0.0008915
  291.43637  0.0190369
  291.48718  0.0010026
  291.55987  0.0024144
  285.90402  0.0458861 
  288.03411  0.0588470 
  289.34991  0.0040869 
  290.35467  0.0008105 
  290.43138  0.0001857 
  290.59142  0.0012904 
  290.99639  0.0005729 
  291.03777  0.0001218 
  291.10550  0.0006646 
  291.62099  0.0006641 
  291.67069  0.0011585 
  291.94907  0.0012056 
  292.19574  0.0033514 
  292.88249  0.0009863 
  292.93350  0.0000631 
