288.1469 0.00538
288.7644 0.011024
289.3388 0.003029
289.6851 0.004349
290.0594 0.001558
290.1693 0.001143
290.3105 0.000268
290.4385 0.001223
290.5816 0.001253
290.6072 0.019262
290.6761 0.00108
290.8045 0.000933
290.8647 0.0003
290.9423 0.000133
291.0021 0.000728
291.0606 0.000295
291.1155 0.000513
291.1660 0.000693
291.2249 0.000198
291.4283 0.019013
285.9006 0.045823
288.0327 0.058889
289.3324 0.004109
290.3346 0.000683
290.4087 0.000336
290.5801 0.001279
290.9516 0.000274
290.9847 0.000196
291.0622 0.000584
291.3092 0.000164
291.3424 0.000673
291.4017 0.000325
291.9333 0.002694
